Graph-kraken
auc = 0.71325
0.0 0.374 1.0 
0.0 0.8005 1.0 
Graph-gozi
auc = 0.6777
0.0 0.6443 1.0 
0.0 0.9997 1.0 
Graph-suppobox
auc = 0.68485
0.0 0.6062 1.0 
0.0 0.9759 1.0 
Graph-pykspa
auc = 0.6537000000000001
0.0 0.3615 1.0 
0.0 0.6689 1.0 
Graph-kraken
auc = 0.7093
0.0 0.3614 1.0 
0.0 0.78 1.0 
Graph-gozi
auc = 0.6797
0.0 0.6405 1.0 
0.0 0.9999 1.0 
Graph-suppobox
auc = 0.6816500000000001
0.0 0.6201 1.0 
0.0 0.9834 1.0 
Graph-pykspa
auc = 0.6549499999999999
0.0 0.3625 1.0 
0.0 0.6724 1.0 
Graph-kraken
auc = 0.7153499999999999
0.0 0.3619 1.0 
0.0 0.7926 1.0 
Graph-gozi
auc = 0.3281
0.0 0.344 1.0 
0.0 0.0002 1.0 
Graph-suppobox
auc = 0.68345
0.0 0.609 1.0 
0.0 0.9759 1.0 
Graph-pykspa
auc = 0.65315
0.0 0.3653 1.0 
0.0 0.6716 1.0 
Graph-kraken
auc = 0.7095999999999999
0.0 0.364 1.0 
0.0 0.7832 1.0 
Graph-gozi
auc = 0.67595
0.0 0.6479 1.0 
0.0 0.9998 1.0 
Graph-suppobox
auc = 0.68285
0.0 0.6212 1.0 
0.0 0.9869 1.0 
Graph-pykspa
auc = 0.6495000000000001
0.0 0.3629 1.0 
0.0 0.6619 1.0 
Graph-kraken
auc = 0.71105
0.0 0.3685 1.0 
0.0 0.7906 1.0 
Graph-gozi
auc = 0.67595
0.0 0.648 1.0 
0.0 0.9999 1.0 
Graph-suppobox
auc = 0.6807000000000001
0.0 0.623 1.0 
0.0 0.9844 1.0 
Graph-pykspa
auc = 0.65535
0.0 0.3606 1.0 
0.0 0.6713 1.0 
